%YAML:1.0
---
Calibration_Time: "Tue 12 Jun 2018 11:55:03 AM EDT"
Calibration_Pattern: CHESSBOARD
Stereo_Parameters:
   Rotation_Matrix: !!opencv-matrix
      rows: 3
      cols: 3
      dt: d
      data: [ 9.7281941120116766e-01, -6.2771727117199388e-02,
          2.2289482601652605e-01, 6.1144154372385733e-02,
          9.9802789286725024e-01, 1.4202726676321473e-02,
          -2.2334678322353207e-01, -1.8797255194966545e-04,
          9.7473903127453576e-01 ]
   Translation_Vector: !!opencv-matrix
      rows: 3
      cols: 1
      dt: d
      data: [ -2.0043161106494350e+02, -1.1232665729518544e+01,
          2.3388756825984096e+01 ]
   Essential_Matrix: !!opencv-matrix
      rows: 3
      cols: 3
      dt: d
      data: [ 1.0786939997670137e+00, -2.3340520258979048e+01,
          -1.1281101832319983e+01, -2.2012718943484085e+01,
          -1.5058283025144683e+00, 2.0058174728970812e+02,
          -1.3278661068511166e+00, -2.0074143228310587e+02,
          -3.4297231576733234e-01 ]
   Fundamental_Matrix: !!opencv-matrix
      rows: 3
      cols: 3
      dt: d
      data: [ -7.9607911575325664e-08, 1.7222926522544250e-06,
          -1.7771963223586789e-04, 1.6243144399456833e-06,
          1.1109904373411086e-07, -2.6557851233545385e-02,
          -1.3529627125715652e-03, 2.4575407201941128e-02, 1. ]
Rectification_Parameters:
   Rectification_Transformation_1: !!opencv-matrix
      rows: 3
      cols: 3
      dt: d
      data: [ 9.9401472106335853e-01, -6.7615092432729198e-03,
          1.0903676582734201e-01, 6.5108906786299865e-03,
          9.9997528107865419e-01, 2.6543425244621825e-03,
          -1.0905201791761771e-01, -1.9285290818066747e-03,
          9.9403417353915768e-01 ]
   Rectification_Transformation_2: !!opencv-matrix
      rows: 3
      cols: 3
      dt: d
      data: [ 9.9172497823175865e-01, 5.5578634113171460e-02,
          -1.1572632795233774e-01, -5.5844615416255600e-02,
          9.9843902450040167e-01, 9.4513686650204293e-04,
          1.1559821140583587e-01, 5.5253764396760111e-03,
          9.9328068728581032e-01 ]
   Projection_Matrix_1: !!opencv-matrix
      rows: 3
      cols: 4
      dt: d
      data: [ 1.1458190740628693e+03, 0., 5.4095764541625977e+02, 0., 0.,
          1.1458190740628693e+03, 9.6101956176757812e+02, 0., 0., 0., 1.,
          0. ]
   Projection_Matrix_2: !!opencv-matrix
      rows: 3
      cols: 4
      dt: d
      data: [ 1.1458190740628693e+03, 0., 5.4095764541625977e+02,
          -2.3157464825867602e+05, 0., 1.1458190740628693e+03,
          9.6101956176757812e+02, 0., 0., 0., 1., 0. ]
   Disparity-to-depth_Mapping_Matrix: !!opencv-matrix
      rows: 4
      cols: 4
      dt: d
      data: [ 1., 0., 0., -5.4095764541625977e+02, 0., 1., 0.,
          -9.6101956176757812e+02, 0., 0., 0., 1.1458190740628693e+03,
          0., 0., 4.9479469479014561e-03, 0. ]
